1 45416 0.756626
3 364011 0.950860
5 104 0.055549
6 35530 9.734562
8 32869 0.458194
9 262869 3.836325
12 202117 4.423009
19 120734 1.249581
20 372 0.069688
25 119 0.057532
26 17648 0.228341
27 109176 1.496283
29 13294 0.133881
30 8926 0.207659
32 280154 2.695214
34 19339 0.347235
36 73155 0.847361
38 21937 0.788850
41 145407 2.622224
44 87055 0.587421
46 152 0.058075
47 2628 0.075239
48 38207 1.884988
53 76334 0.590905
56 2804 0.098186
51 32193 0.539425
62 25887 0.371506
67 199607 1.331239
68 40898 207.547592
69 22782 0.223195
70 16321 0.137744
71 316 0.060596
72 78034 3.175123
73 32397 1.180710
74 49372 7.573533
79 2710 0.090550
83 6743 0.096927
63 69934 1.149963
84 14182 0.125712
86 161 0.069080
87 6445 0.097804
90 39504 0.321686
91 1394 0.072845
94 4613 0.095727
96 4551 0.159240
97 54642 3.567511
98 494 0.086271
99 5487 0.155390
100 164 0.061105
102 8636 0.166401
101 14080 0.332614
103 200618 4.062067
104 4835 0.127625
105 368897 24.667496
106 171 0.061310
111 173 0.068254
114 50820 7.998131
80 10379 0.149915
118 19509 0.148025
119 5558 0.119745
120 2341 0.086751
121 3002 0.081990
125 4257 0.070306
124 50980 0.598094
85 10746 0.116050
131 31928 0.337414
132 20481 0.203439
133 658 0.060774
135 6801 0.109643
137 184 0.057928
140 16981 0.196487
75 1986 0.111046
142 26218 0.258978
143 47092 0.408228
144 86199 0.792681
95 161879 1.137946
145 29834 0.224064
160 15126 0.100269
129 204 0.061578
161 12870 0.300871
163 27704 0.182950
58 2503 0.103652
175 16873 0.391718
164 2284 0.091718
176 121203 147.629990
177 3316 0.136944
180 11567 0.118057
183 11397 0.104630
174 8823 0.182111
185 1478 0.074285
186 211 0.054641
155 32326 0.196761
187 9313 0.067755
189 41693 0.495209
191 36246 0.501553
193 86178 1.057546
190 1721 0.066899
109 5224 0.121904
194 125248 1.232203
204 93165 0.956865
199 68001 0.480054
184 3779 0.118647
209 17208 0.189906
211 35623 0.265956
212 101817 6.002428
214 56348 0.390054
215 676 0.069845
219 8622 0.100724
88 17914 0.407031
220 69711 0.750012
222 227 0.068780
225 13931 0.087612
221 14721 0.127127
227 1370 0.059621
229 229 0.055908
166 231 0.064342
235 829 0.065300
237 3393 0.069152
52 44918 0.350274
239 12036 0.281542
168 10069 0.171727
245 108562 0.624214
228 18598 0.231078
233 30644 0.376222
127 32919 0.174920
247 250 0.056081
248 2503 0.106262
249 308393 2.224103
254 80823 1.243808
258 255 0.058643
259 8404 0.118157
261 8461 0.142943
260 30170 0.322035
263 36127 0.668541
264 256 0.054156
256 4630 0.107955
267 769 0.063428
268 257 0.053266
272 41698 0.525538
274 8784 0.129634
198 19582 0.141263
275 258 0.056587
276 15537 0.154197
271 15986 0.114221
281 62373 1.178649
277 92565 97.842651
282 26742 0.280143
286 16175 0.150452
181 21209 0.353078
236 21722 5.361390
289 31674 0.853809
291 5299 0.090994
295 272 0.062414
294 21667 0.235235
297 72858 1.322545
300 4687 0.088077
301 275 0.055449
302 43262 1.324309
288 22252 0.270526
303 35531 0.974943
205 276 0.055999
305 3488 0.084104
307 14178 0.258035
60 20916 0.202490
309 31093 0.236317
310 1289 0.065900
308 82954 0.891707
296 46154 0.418231
128 123225 1.477314
299 10977 0.173734
313 6277 0.190896
314 28443 0.373265
306 45051 0.342874
317 64577 0.936980
318 21972 0.179708
50 46823 0.364427
321 48610 0.686954
324 3834 0.171359
78 283 0.059501
323 136879 502.144470
319 15431 0.155354
325 57564 2.214962
329 7509 0.119500
332 10068 0.262699
316 13860 0.490673
334 49703 0.604316
335 8225 0.288874
333 9055 0.114953
336 2186 0.084209
337 34581 0.464872
338 11715 0.176592
311 6354 0.132569
342 103692 0.903996
344 5370 0.092131
345 8860 0.113947
349 4342 0.110733
350 26832 0.344321
351 2683 0.078341
304 299 0.058886
353 43355 0.310790
172 34343 0.234481
356 17019 0.144830
357 169001 1.083714
61 7316 0.115256
328 1471 0.069134
355 10850 0.472111
266 37083 0.301923
162 3995 0.097938
363 3381 0.095761
242 31285 0.495781
365 4454 0.138393
358 27979 0.210908
368 35121 0.522273
367 49814 0.840723
327 10720 0.100188
371 55083 0.277276
373 5205 0.127086
372 148734 4.624625
340 1566 0.077267
376 22701 0.267501
375 11650 0.159919
379 11415 0.161169
171 310 0.055081
154 3971 0.090901
386 3724 0.128538
388 22457 0.335928
378 38696 12.177461
359 1041 0.093130
385 2704 0.075290
389 93340 1.468049
390 320 0.056738
391 12897 0.168998
392 27638 0.393006
387 1355 0.071296
393 42351 0.536460
395 2342 0.073466
396 30593 1.242514
283 36838 0.392069
398 207725 1.856354
399 4525 0.095009
400 150115 2.494597
403 4171 0.071463
402 11981 0.176953
384 3031 0.061545
405 11113 0.185562
404 2247 0.091972
409 19370 0.241602
201 5492 0.139896
410 327 0.059790
234 51950 0.351551
394 27772 0.262317
415 62632 0.371199
414 5190 0.107989
413 10850 18.689142
416 2314 0.077405
422 26783 0.355852
57 5454 0.107110
423 46210 0.258637
424 2735 0.096979
425 12212 0.191802
426 333 0.055384
429 52698 0.450170
430 36536 0.120647
431 152811 2.169287
432 1986 0.070182
433 344 0.058714
435 688 0.058882
434 344 0.057015
439 23095 0.271592
407 7734 0.133712
441 720 0.066383
447 79077 0.593763
451 698 0.065388
453 1080 0.066555
456 55529 0.345491
460 10994 0.237263
465 11873 0.224689
466 1064 0.070391
134 818 0.067560
469 33074 0.191933
463 36195 0.392660
472 2843 0.083909
474 132861 8.368557
475 113560 1.097415
477 3366 0.115681
480 354 0.068609
479 62989 0.980737
483 73678 0.650811
481 43086 8.875656
484 13055 0.176721
485 1869 0.058107
492 68579 0.231118
493 1240 0.063566
494 27963 0.242248
468 18985 0.190393
497 7886 0.090595
498 70401 11.992723
496 7954 0.147304
501 6025 0.231983
502 58305 0.474765
503 60270 0.408875
348 364 0.060349
508 1632 0.068698
509 81922 0.728275
454 70460 289.882812
448 36018 0.310599
513 36245 0.461765
440 14985 0.163521
517 16419 0.225533
518 28350 0.209824
520 19163 0.126914
521 369 0.055894
273 1587 0.067231
523 215493 0.435956
457 371 0.058431
526 375 0.064482
467 1127 0.062077
482 81601 0.739389
532 39978 0.287003
241 3422 0.185171
537 20060 0.108305
352 8033 0.114275
257 28321 0.214440
539 24045 0.596899
536 68989 1.054724
542 51324 2.018455
522 1351 0.062354
543 8251 0.127093
540 25964 0.252493
546 49678 0.419466
547 52477 0.398654
548 11791 0.143059
549 12652 0.153886
545 16003 0.115493
76 780 0.068866
285 19241 0.137381
551 27217 0.295852
552 10882 0.101319
555 55799 0.424155
557 81634 0.825275
535 1770 0.069136
560 40312 0.299999
553 1213 0.065701
527 8715 0.152348
554 865 0.061463
252 44881 0.563257
525 84840 0.648042
563 3813 0.071699
561 100283 1.275973
567 28839 0.306171
568 970 0.060858
370 4798 0.073587
538 28120 0.245091
495 100471 1.100038
571 2202 0.094817
449 11712 0.128253
574 27365 0.255710
575 1495 0.066034
578 2618 0.066916
418 19155 0.104357
581 3253 0.085346
583 21125 0.234963
586 73592 0.761678
591 1121 0.063354
594 22239 0.230344
593 11042 0.194508
569 66517 0.772733
341 72506 3.994160
595 29890 0.303236
343 8696 0.150050
504 20811 0.214614
596 46337 0.450538
514 28884 0.309254
599 42730 1916.986450
598 105676 1.361233
489 4282 0.112204
437 14477 0.275087
149 3646 0.108115
602 1566 0.065187
445 2433 0.092229
605 93814 2.041614
147 3110 0.081653
573 44150 0.321657
608 430 0.058823
609 31026 0.296580
610 2246 0.070552
607 6514 0.159268
427 862 0.059682
611 906 0.074151
462 53506 0.625645
612 3118 0.069172
615 72924 0.528592
347 437 0.058995
617 99715 1.435744
618 438 0.057292
619 17930 0.251260
621 49648 0.533581
622 2418 0.079758
624 4947 0.101148
616 10200 0.170874
625 3799 0.251343
603 21270 0.274434
629 2420 0.108992
626 57957 0.799712
590 61553 0.423513
631 5461 0.108453
627 17711 0.180040
634 11661 0.096103
620 33616 0.414177
636 7966 0.120503
606 10904 0.101794
638 129191 1.648030
639 62949 0.542786
641 1207 0.077159
642 75315 2.322748
644 82654 0.598741
646 26957 0.356342
648 7219 0.106569
649 6554 0.127291
588 11673 0.154694
587 1293 0.076101
643 22652 1.189611
654 53125 3.159671
652 134691 0.707765
655 11688 0.106552
659 7587 0.101933
667 19502 0.140128
673 48213 0.244570
515 450 0.068489
674 41156 0.136781
280 450 0.063094
640 49775 0.470102
658 16114 0.210502
660 2108 0.078411
278 10877 0.161332
679 105962 1.618224
662 903 0.077394
681 82019 1.101283
487 5862 0.108817
680 1378 0.072529
651 1980 0.079808
683 32080 29.182968
647 452 0.078643
632 7809 0.189024
686 47773 0.485007
687 61263 0.615636
677 1816 0.082968
666 4115 0.071927
688 3128 0.087730
696 3665 0.065524
244 9486 0.150997
697 131846 0.894232
339 44465 0.280345
589 1913 0.069546
698 462 0.071878
699 13746 0.098617
700 13114 0.114932
701 35028 0.376077
704 136596 1.516416
705 3987 0.091115
678 6640 0.120473
224 47998 0.426764
709 3447 0.066091
461 471 0.062387
364 5011 0.133836
713 148633 9.610301
712 33028 0.572434
54 2335 0.061631
711 74926 1.354838
110 472 0.062801
534 1495 0.085120
719 60064 0.409490
725 80273 87.559792
726 9011 0.144982
723 957 0.064254
727 14730 0.155079
728 16999 0.418391
732 6164 0.095056
733 110616 1.013622
597 972 0.067116
737 951 0.062382
738 36090 0.206527
739 16676 0.161442
741 29987 0.566890
720 5942 0.124173
645 16920 0.173602
747 2480 0.068619
752 11249 0.125294
746 487 0.057646
754 8643 0.101865
753 61146 5.828515
758 60848 7.743127
401 1998 0.081386
721 9515 0.153394
734 27559 0.349390
760 8634 0.109184
761 7184 0.128335
766 13229 0.240004
767 2881 0.071848
592 28239 1.065558
768 48714 0.848191
762 30057 0.329154
770 146602 11.232862
773 498 0.075636
774 4563 0.134537
771 11375 0.135747
776 3195 0.073034
779 18112 0.155739
780 996 0.073543
562 8428 0.120450
785 7674 0.107723

783 53565 47.642239
786 2063 0.078651
787 10476 0.113797
789 499 0.057310
788 11140 0.145769
790 1805 0.076024
791 499 0.062631
755 10748 0.103855
250 60811 0.513831
689 1000 0.078401
793 17026 0.158090
782 7941 0.103968
794 12987 0.144546
731 5737 0.082022
796 508 0.055463
765 22845 0.354731
798 1552 0.092356
799 36833 0.292731
800 37218 0.368994
801 16094 0.199014
802 6465 0.107335
708 40798 0.366373
795 4800 0.096734
805 10334 0.134088
806 515 0.063201
809 115481 0.796551
810 84917 0.723473
811 1034 0.065158
635 8099 0.112274
815 29388 0.310485
814 20346 0.315566
777 41878 0.331875
473 10738 0.124063
821 11070 0.182258
819 8780 0.126288
823 62015 4.159169
826 4346 0.092630
827 521 0.059350
828 4854 0.067442
829 521 0.058509
757 1564 0.078210
830 48519 0.541824
834 45210 0.725468
346 43338 0.253153
835 53241 17.473749
488 3158 0.076401
837 523 0.058139
838 8812 0.096060
676 4145 0.087823
843 79516 0.581172
442 9971 0.093317
845 524 0.069906
808 4547 0.071168
846 3386 0.077142
847 78463 0.344878
841 14125 0.181290
781 39102 0.259803
836 1258 0.066019
831 45378 0.351918
851 9830 0.130926
853 29954 0.178175
511 3238 0.077443
792 126411 0.861329
715 1095 0.063120
856 12549 0.108288
858 3514 0.076746
824 8711 0.115953
859 39353 0.269759
861 3229 0.080798
580 538 0.061321
865 4766 0.087651
866 1193 0.073629
869 1173 0.067415
226 544 0.059290
870 39041 0.178712
857 1388 0.069928
871 99015 0.705914
516 27610 0.173912
873 8356 0.146363
601 13715 0.149029
874 16661 0.132448
876 3463 0.067044
842 547 0.070379
878 73448 7.648375
716 2846 0.094484
882 4461 0.086256
881 9341 0.151327
883 6335 0.080439
884 30978 1.120708
885 1096 0.064927
903 4551 0.087886
901 5179 0.108700
173 11013 0.115451
852 29243 0.174186
915 19424 0.197701
206 1121 0.061486
724 13954 0.123120
918 562 0.056174
920 564 0.066190
921 1697 0.076099
924 4912 0.121004
913 23616 0.273742
797 45146 0.196092
926 8928 0.137904
925 1161 0.063137
151 6788 0.088310
928 43328 1.494804
559 4565 0.083463
933 16244 0.213191
934 5245 0.122975
935 570 0.058366
470 31269 0.253573
938 24783 0.249858
936 572 0.057555
675 572 0.091824
941 1146 0.066860
940 8263 0.111566
942 38410 0.402831
408 7113 0.097702
944 15611 0.133264
945 573 0.056690
949 17281 0.157670
951 583 0.058928
953 5308 0.077317
950 72243 0.980489
952 7350 0.098906
42 197308 1.276326
958 6010 0.164918
923 3984 0.083719
962 2718 0.070475
964 15243 0.150797
840 64603 0.568656
965 9498 0.123591
966 26517 0.368957
968 593 0.058098
967 24036 0.163075
971 16731 0.161334
973 25724 0.183809
972 594 0.058242
969 78621 0.457978
714 41319 0.313730
974 2090 0.086341
203 3609 0.077405
977 1191 0.061009
978 6333 0.083492
980 29224 0.161228
979 595 0.060656
917 2984 0.064921
961 596 0.059622
943 6339 0.082161
981 1895 0.074071
975 38084 0.310358
939 21874 0.172667
983 16234 0.202888
956 618 0.057676
985 1868 0.079141
986 83611 7.017573
988 10778 0.129824
991 15709 0.160759
817 20680 0.196075
990 20568 0.215308
807 631 0.057676
993 21991 0.185582
994 26101 0.188545
995 15943 0.141303
996 10961 0.105853
997 11896 0.191179
998 25613 0.199228
999 10727 0.146945
322 8010 0.101661
1002 10784 0.099683
1000 41129 0.211194
1001 2084 0.072287
1005 6234 0.090514
1004 57937 0.527371
1008 2579 0.073449
818 19547 0.103341
1014 11064 0.130815
1019 13210 0.120045
1017 5780 0.072130
992 12036 0.130849
1018 34381 0.219846
1003 1538 0.060038
1023 11667 0.140539
1025 3293 0.067954
1028 1307 0.061358
1030 654 0.058330
1031 9800 0.107438
1033 70195 0.548252
428 659 0.066619
1034 32934 0.344483
1035 659 0.058877
1037 12167 0.115476
1022 7283 0.109522
1038 42784 6.745319
1040 6436 0.086864
377 41721 0.275716
1042 64479 4.163448
1043 30161 18.631668
1041 7448 0.127304
1046 665 0.065401
1006 7605 0.108915
1052 91489 0.319714
1021 23397 0.237020
1054 5149 0.082017
927 669 0.075028
1039 18605 0.296018
1058 1466 0.077070
1056 10782 0.159257
1061 698 0.055655
1026 38155 0.278632
1063 699 0.068084
1064 17010 0.082723
362 4767 0.077146
1068 14848 0.169432
1069 26084 0.198611
1050 13105 0.111362
1072 28333 0.397691
1070 3098 0.089122
600 18853 0.134770
1036 17745 0.205511
1076 3033 0.065477
1077 710 0.060374
1060 9256 0.130269
1078 9264 0.098847
1080 10810 0.104217
959 2649 0.080664
1049 6939 0.102354
1082 714 0.058213
374 714 0.066662
1032 10580 3.097938
1087 29787 0.210755
1089 5312 0.091688
1013 44216 0.187835
1093 10960 0.137036
1045 7062 0.093952
1097 19573 0.182357
1099 734 0.061631
1101 26815 0.185301
614 737 0.059275
1104 3060 0.073852
1105 13819 0.270564
984 19803 0.232270
1103 11561 0.144665
1107 2324 0.065212
735 8164 0.118200
1100 4292 0.082473
1111 14579 0.109505
893 8917 0.099601
1113 158610 9.575058
1114 3563 0.071006
822 32679 0.264426
1071 2859 0.080777
1117 19286 0.161972
1118 99597 0.496675
1119 1545 0.060629
1120 3198 0.067421
1121 2996 0.081368
1123 2690 0.095804
1124 2362 0.069193
1126 8883 0.104941
954 3960 0.099245
1128 2338 0.063359
1132 55998 0.284950
1127 108108 0.384475
1131 4939 0.088069
1129 782 0.060793
1136 58089 4.675476
665 782 0.057451
867 784 0.057776
1110 9820 0.102578
1140 784 0.056477
544 21296 0.172735
1154 2660 0.074587
1155 785 0.057106
1158 51507 0.531049
1159 786 0.056360
749 25511 0.171419
1162 2868 0.065581
1163 1632 0.066365
1047 799 0.061758
1165 5206 0.069613
1166 801 0.059995
908 11049 0.098066
685 803 0.057803
1168 120991 2226.383057
1169 23078 0.169618
1083 22034 0.162358
1172 806 0.056683
1137 16300 0.137347
1174 5192 0.092397
1178 32027 0.181562
1180 5971 0.086048
1173 13731 0.132806
1182 2714 0.070247
1185 101544 2.451357
1181 49989 0.292937
1189 124466 1.192124
1190 52578 0.418427
1029 31635 0.163884
1186 17451 0.145096
1142 35976 0.208471
1066 7963 0.121599
1094 821 0.058114
1167 65653 0.245756
1183 33657 0.190656
570 1648 0.068542
1196 10142 0.136301
1059 6646 0.124223
1188 828 0.063424
312 17674 0.305695
1199 6368 0.072710
1205 829 0.054427
576 77820 60.789516
740 7685 0.108516
1187 10008 0.117347
290 4157 0.067143
706 61472 0.321121
582 26448 0.171572
1209 2497 0.087529
269 3330 0.078405
919 44796 0.217564
1213 33399 0.183201
898 3750 0.069867
152 17903 0.263742
1214 13645 0.172289
1215 49540 0.359693
1217 35114 0.229744
1153 15403 0.209792
1218 833 0.057748
1184 31317 0.452867
1223 3698 0.066547
963 7877 0.116871
1225 2668 0.062967
1226 3338 0.067016
1010 842391783 0.057513
669 33417 0.060469
1227 16286 0.131293
1198 6766 0.068079
1224 180173 0.126436
1233 3688 0.065277
1234 177838 0.145023
1231 97352 0.892435
1146 165500 0.061701
1236 112962 19.360731
1237 36244 0.307418
848 1694 0.062990
1240 5655 0.079048
1242 850 0.057189
1243 851 0.060213
1245 5114 0.068534
1248 188218 0.151939
232 853 0.057517
1253 1890102 0.361154
1249 1954 0.060140
1238 1842194 0.108853
1239 1708 0.059802
1256 1829755 0.094956
1255 112585 9333.099609
1258 4951 0.048402
1241 3854 0.066593
10 164695 0.046291
1260 24879 1.690067
1176 11570 0.124949
1219 9130 0.078290
1246 1902021 0.399398
1195 20019 0.113885
1263 2184025 0.045345
298 36657 0.260272
1264 2183973 0.055951
1267 5415 0.074964
1268 2193838 0.074447
1271 5604 0.084473
1272 48403 0.140150
736 1737 0.048576
1270 1833555 0.083265
1273 5217 0.054052
1244 25836 0.117989
1211 16384 0.131605
1259 2184036 0.046034
899 14769 0.075238
1062 2219954 0.076743
1280 127682 314.444733
1281 2343691 0.736738
1282 29574 0.128942
1285 2338458 0.424922
1286 9266 0.120548
1284 37836 0.176168
1206 876 0.050162
1287 2186783 0.085790
1288 2633 0.048038
1290 11026 0.103397
1291 20047 0.103407
1216 4790 0.066212
1161 3501 0.052223
1300 882 0.048130
778 18733 0.091441
585 8746 0.065600
1051 883 0.053119
1295 12501 0.183056
1297 27671 0.131040
912 17676 0.126670
1303 894 0.046339
1207 2846 0.051512
1279 3827 0.061431
1306 2798 0.058428
1302 29515 0.153486
1310 10533 0.092621
1311 899 0.046920
1312 66040 0.971691
1298 5531 0.066344
1315 24497 0.111997
1313 49670 0.510258
1261 904 0.050701
1316 14450 0.084335
1274 20337 0.135536
1317 22368 0.131538
1319 16419 0.098392
1320 1975 0.048509
1323 2985 0.059511
1252 5671 0.081349
1325 16041 0.144268
1327 2275 0.049098
1328 14927 0.095794
1326 23252 0.125938
1329 8573 0.077580
1331 2849 0.049422
1235 10927 0.090874
1283 149267 1.404001
1332 87799 0.238670
1333 926 0.046167
1334 5700 0.054857
1336 926 0.048934
1102 927 0.049380
1247 1869 0.048308
1338 57634 4.136474
